  0.0000000e+000  0.0000000e+000  0.0000000e+000  0.0000000e+000  0.0000000e+000
  1.9531250e-001 -8.8442156e-020 -1.3554056e-003  1.3554056e-003 -5.1537562e-019
  3.9062500e-001  1.3850808e-018 -2.7082530e-003  2.7082530e-003 -9.5817086e-019
  5.8593750e-001  1.8234715e-019 -4.0559999e-003  4.0559999e-003  2.3290385e-018
  7.8125000e-001 -1.8374625e-018 -5.3961344e-003  5.3961344e-003  3.9679825e-018
  9.7656250e-001  6.6234792e-019 -6.7261904e-003  6.7261904e-003 -4.1246798e-018
  1.1718750e+000  5.9836971e-018 -8.0437614e-003  8.0437614e-003  2.2879462e-018
  1.3671875e+000  3.4826356e-019 -9.3465136e-003  9.3465136e-003  6.4955048e-018
  1.5625000e+000  3.5990546e-018 -1.0632198e-002  1.0632198e-002 -4.1587731e-019
  1.7578125e+000 -5.4029594e-018 -1.1898661e-002  1.1898661e-002 -4.3924005e-018
  1.9531250e+000 -5.9328890e-018 -1.3143855e-002  1.3143855e-002 -3.5526660e-019
  2.1484375e+000  9.1033785e-019 -1.4365842e-002  1.4365842e-002  3.2155225e-018
  2.3437500e+000  1.7019455e-017 -1.5562806e-002  1.5562806e-002 -1.1563172e-017
  2.5390625e+000 -7.2480472e-018 -1.6733053e-002  1.6733053e-002 -4.5745587e-019
  2.7343750e+000 -5.6531565e-018 -1.7875018e-002  1.7875018e-002 -2.1741805e-018
  2.9296875e+000  5.0807173e-018 -1.8987264e-002  1.8987264e-002 -7.8454223e-018
  3.1250000e+000 -1.2655773e-017 -2.0068484e-002  2.0068484e-002 -4.3339816e-018
  3.3203125e+000 -4.7611280e-018 -2.1117499e-002  2.1117499e-002 -6.9485014e-018
  3.5156250e+000 -1.0769139e-017 -2.2133259e-002  2.2133259e-002  2.8003612e-018
  3.7109375e+000  3.7323579e-018 -2.3114837e-002  2.3114837e-002 -6.0983005e-018
  3.9062500e+000  7.1825258e-018 -2.4061428e-002  2.4061428e-002  5.4717250e-019
  4.1015625e+000 -5.6158535e-018 -2.4972342e-002  2.4972342e-002  1.0181821e-017
  4.2968750e+000  1.9160753e-017 -2.5847001e-002  2.5847001e-002  7.8184106e-018
  4.4921875e+000 -8.7171851e-018 -2.6684932e-002  2.6684932e-002 -2.9369327e-018
  4.6875000e+000 -4.5344127e-018 -2.7485762e-002  2.7485762e-002  6.1270863e-018
  4.8828125e+000 -1.8099388e-017 -2.8249213e-002  2.8249213e-002 -7.3997632e-018
  5.0781250e+000 -8.6547248e-018 -2.8975092e-002  2.8975092e-002 -6.1809703e-018
  5.2734375e+000  5.9801729e-018 -2.9663288e-002  2.9663288e-002 -8.2805076e-018
  5.4687500e+000 -6.6164165e-018 -3.0313767e-002  3.0313767e-002  2.5423758e-018
  5.6640625e+000  2.1475301e-017 -3.0926560e-002  3.0926560e-002 -8.8747392e-018
  5.8593750e+000  1.1357666e-017 -3.1501763e-002  3.1501763e-002  8.6707914e-018
  6.0546875e+000  3.6633808e-018 -3.2039529e-002  3.2039529e-002  3.7754734e-018
  6.2500000e+000 -6.9353337e-019 -3.2540063e-002  3.2540063e-002 -1.1913082e-017
  6.4453125e+000 -2.5948361e-018 -3.3003613e-002  3.3003613e-002 -7.1265172e-018
  6.6406250e+000 -1.3305358e-017 -3.3430472e-002  3.3430472e-002 -9.6136723e-018
  6.8359375e+000 -3.8241501e-018 -3.3820968e-002  3.3820968e-002 -1.9451543e-018
  7.0312500e+000 -2.0431097e-017 -3.4175461e-002  3.4175461e-002  1.6921855e-017
  7.2265625e+000 -1.3092722e-017 -3.4494340e-002  3.4494340e-002 -2.3295420e-018
  7.4218750e+000 -9.2421532e-018 -3.4778020e-002  3.4778020e-002 -1.8340926e-017
  7.6171875e+000 -1.4527990e-018 -3.5026934e-002  3.5026934e-002  1.6613561e-018
  7.8125000e+000  1.4523675e-017 -3.5241537e-002  3.5241537e-002 -1.6469195e-018
  8.0078125e+000 -1.5295764e-017 -3.5422298e-002  3.5422298e-002  1.4415415e-017
  8.2031250e+000  1.8219597e-017 -3.5569698e-002  3.5569698e-002  1.5799078e-017
  8.3984375e+000 -9.6649900e-018 -3.5684230e-002  3.5684230e-002 -1.4732161e-017
  8.5937500e+000 -9.6707352e-018 -3.5766397e-002  3.5766397e-002  8.2277733e-018
  8.7890625e+000 -6.1267738e-018 -3.5816708e-002  3.5816708e-002  5.4178414e-020
  8.9843750e+000  1.1892734e-017 -3.5835676e-002  3.5835676e-002  1.8425716e-017
  9.1796875e+000  7.0432196e-018 -3.5823821e-002  3.5823821e-002  2.8046502e-018
  9.3750000e+000  7.6911088e-018 -3.5781665e-002  3.5781665e-002  9.1250125e-018
  9.5703125e+000  9.0518157e-018 -3.5709731e-002  3.5709731e-002  1.0423997e-017
  9.7656250e+000  7.2577560e-018 -3.5608545e-002  3.5608545e-002 -2.2404537e-018
  9.9609375e+000  3.9400840e-018 -3.5478631e-002  3.5478631e-002  9.4686389e-018
  1.0156250e+001  7.9068380e-018 -3.5320516e-002  3.5320516e-002  4.0812908e-018
  1.0351563e+001  6.2014104e-018 -3.5134723e-002  3.5134723e-002  5.4813174e-018
  1.0546875e+001  2.4399126e-017 -3.4921777e-002  3.4921777e-002  2.7704311e-018
  1.0742188e+001  1.2650446e-017 -3.4682199e-002  3.4682199e-002  5.5271293e-018
  1.0937500e+001  1.2804475e-017 -3.4416510e-002  3.4416510e-002 -7.3492154e-018
  1.1132813e+001 -1.3604185e-017 -3.4125229e-002  3.4125229e-002  1.9291072e-017
  1.1328125e+001  8.4463741e-018 -3.3808873e-002  3.3808873e-002  5.1909910e-018
  1.1523438e+001 -8.8344813e-018 -3.3467958e-002  3.3467958e-002  9.2405439e-019
  1.1718750e+001  2.3361965e-018 -3.3102995e-002  3.3102995e-002 -2.0252291e-018
  1.1914063e+001 -1.8021195e-017 -3.2714496e-002  3.2714496e-002 -2.1813345e-017
  1.2109375e+001 -1.1538605e-018 -3.2302971e-002  3.2302971e-002  6.6738997e-018
  1.2304688e+001  8.1901215e-018 -3.1868928e-002  3.1868928e-002 -1.5231336e-017
  1.2500000e+001  2.3125411e-017 -3.1412872e-002  3.1412872e-002  1.5157636e-017
  1.2695313e+001  7.1019592e-018 -3.0935310e-002  3.0935310e-002  5.0650679e-018
  1.2890625e+001 -2.1753007e-018 -3.0436743e-002  3.0436743e-002  1.9195230e-018
  1.3085938e+001  5.5173576e-019 -2.9917676e-002  2.9917676e-002 -2.2385123e-017
  1.3281250e+001  1.2577865e-017 -2.9378610e-002  2.9378610e-002 -4.3491398e-018
  1.3476563e+001  1.6651414e-017 -2.8820045e-002  2.8820045e-002 -8.0389750e-018
  1.3671875e+001  1.4804175e-017 -2.8242484e-002  2.8242484e-002  6.2473727e-019
  1.3867188e+001 -3.0073998e-017 -2.7646425e-002  2.7646425e-002  1.9091399e-017
  1.4062500e+001 -6.2057881e-018 -2.7032371e-002  2.7032371e-002 -1.0836611e-018
  1.4257813e+001 -3.8746340e-018 -2.6400821e-002  2.6400821e-002 -2.5891329e-018
  1.4453125e+001 -1.3388531e-017 -2.5752277e-002  2.5752277e-002 -1.4587894e-018
  1.4648438e+001 -3.4875935e-018 -2.5087241e-002  2.5087241e-002  1.0741341e-018
  1.4843750e+001 -1.5050383e-017 -2.4406215e-002  2.4406215e-002 -2.2980094e-018
  1.5039063e+001  6.4390374e-018 -2.3709703e-002  2.3709703e-002 -1.0221599e-017
  1.5234375e+001  5.3291059e-018 -2.2998209e-002  2.2998209e-002  8.4946084e-018
  1.5429688e+001  1.3387886e-017 -2.2272240e-002  2.2272240e-002 -7.2543148e-018
  1.5625000e+001 -1.3408807e-017 -2.1532302e-002  2.1532302e-002 -6.3050034e-018
  1.5820313e+001  1.3558617e-017 -2.0778905e-002  2.0778905e-002  1.0202324e-017
  1.6015625e+001  1.1269034e-017 -2.0012559e-002  2.0012559e-002 -4.1422103e-018
  1.6210938e+001 -3.0768885e-018 -1.9233778e-002  1.9233778e-002 -1.0696091e-017
  1.6406250e+001 -4.9504945e-018 -1.8443074e-002  1.8443074e-002  1.6922067e-017
  1.6601563e+001  1.5495529e-018 -1.7640964e-002  1.7640964e-002  1.7636109e-017
  1.6796875e+001 -8.5652258e-018 -1.6827966e-002  1.6827966e-002 -2.9767651e-019
  1.6992188e+001  1.5093171e-017 -1.6004599e-002  1.6004599e-002 -1.1635892e-017
  1.7187500e+001  2.3164372e-018 -1.5171387e-002  1.5171387e-002 -7.1298797e-018
  1.7382813e+001 -2.9955174e-018 -1.4328851e-002  1.4328851e-002 -3.2926964e-018
  1.7578125e+001 -3.8117259e-018 -1.3477518e-002  1.3477518e-002  9.7316859e-020
  1.7773438e+001  1.2622102e-017 -1.2617915e-002  1.2617915e-002 -1.1098007e-017
  1.7968750e+001  8.8615995e-019 -1.1750571e-002  1.1750571e-002  2.4856799e-017
  1.8164063e+001 -1.6249831e-017 -1.0876016e-002  1.0876016e-002 -3.5768406e-018
  1.8359375e+001  6.3077727e-018 -9.9947812e-003  9.9947812e-003  1.2088026e-017
  1.8554688e+001  2.3095012e-017 -9.1074001e-003  9.1074001e-003 -3.0970221e-018
  1.8750000e+001 -5.4576212e-018 -8.2144062e-003  8.2144062e-003  1.7477462e-017
  1.8945313e+001 -1.9522158e-017 -7.3163343e-003  7.3163343e-003  8.4713898e-018
  1.9140625e+001 -6.6589328e-018 -6.4137192e-003  6.4137192e-003  6.8216865e-018
  1.9335938e+001 -1.0649307e-017 -5.5070964e-003  5.5070964e-003 -2.5936933e-018
  1.9531250e+001  1.2031579e-017 -4.5970010e-003  4.5970010e-003  1.6080489e-018
  1.9726563e+001 -2.3282933e-017 -3.6839678e-003  3.6839678e-003 -3.8121919e-018
  1.9921875e+001 -2.5104603e-017 -2.7685310e-003  2.7685310e-003  1.1187378e-017
  2.0117188e+001  2.5553412e-017 -1.8512236e-003  1.8512236e-003 -9.1439883e-018
  2.0312500e+001 -1.5301479e-017 -9.3257695e-004  9.3257695e-004 -1.1758181e-017
  2.0507813e+001 -9.0123212e-018 -1.3120861e-005  1.3120861e-005 -4.3841058e-018
  2.0703125e+001 -2.2958418e-017  9.0661738e-004 -9.0661738e-004 -3.2584306e-019
  2.0898438e+001  2.1144902e-017  1.8261132e-003 -1.8261132e-003 -7.7383164e-018
  2.1093750e+001  5.7506457e-018  2.7448451e-003 -2.7448451e-003 -4.2639289e-018
  2.1289063e+001  7.1520479e-018  3.6622955e-003 -3.6622955e-003  1.2345384e-017
  2.1484375e+001 -3.2912421e-018  4.5779508e-003 -4.5779508e-003  1.0483629e-018
  2.1679688e+001 -3.2829513e-017  5.4913021e-003 -5.4913021e-003 -1.4987545e-017
  2.1875000e+001 -1.6753305e-017  6.4018457e-003 -6.4018457e-003  6.1882410e-018
  2.2070313e+001  1.5192245e-017  7.3090834e-003 -7.3090834e-003  6.1798021e-018
  2.2265625e+001 -3.1984240e-018  8.2125236e-003 -8.2125236e-003 -2.3009938e-018
  2.2460938e+001 -1.8777467e-017  9.1116811e-003 -9.1116811e-003 -1.0765506e-017
  2.2656250e+001  5.0192346e-018  1.0006078e-002 -1.0006078e-002 -1.5131948e-017
  2.2851563e+001  8.8240442e-018  1.0895245e-002 -1.0895245e-002 -5.5297674e-018
  2.3046875e+001  1.5535260e-017  1.1778719e-002 -1.1778719e-002 -7.6377314e-018
  2.3242188e+001  4.6276370e-018  1.2656049e-002 -1.2656049e-002  5.4774369e-018
  2.3437500e+001  2.2919277e-017  1.3526790e-002 -1.3526790e-002 -6.1704986e-018
  2.3632813e+001  3.1429394e-018  1.4390510e-002 -1.4390510e-002 -1.1805153e-017
  2.3828125e+001  9.5498735e-019  1.5246786e-002 -1.5246786e-002  2.8220831e-020
  2.4023438e+001  5.1394842e-018  1.6095205e-002 -1.6095205e-002  7.8185434e-018
  2.4218750e+001  3.3586520e-017  1.6935368e-002 -1.6935368e-002 -4.0409793e-018
  2.4414063e+001 -9.8344012e-018  1.7766884e-002 -1.7766884e-002 -2.4824418e-017
  2.4609375e+001 -6.2873820e-018  1.8589379e-002 -1.8589379e-002  5.0873559e-018
  2.4804688e+001  1.0181374e-017  1.9402489e-002 -1.9402489e-002 -9.3168295e-018
  2.5000000e+001  4.5744889e-018  2.0205864e-002 -2.0205864e-002  1.4114369e-017
  2.5195313e+001 -1.0885818e-017  2.0999167e-002 -2.0999167e-002 -2.0329820e-017
  2.5390625e+001  1.1267959e-017  2.1782075e-002 -2.1782075e-002  1.8530673e-018
  2.5585938e+001  5.2964696e-018  2.2554280e-002 -2.2554280e-002 -1.7146012e-017
  2.5781250e+001 -3.4979105e-018  2.3315490e-002 -2.3315490e-002 -4.1629148e-019
  2.5976563e+001  1.4800784e-017  2.4065424e-002 -2.4065424e-002 -5.9092207e-018
  2.6171875e+001  5.3075397e-018  2.4803819e-002 -2.4803819e-002  1.0457101e-017
  2.6367188e+001  4.5810807e-019  2.5530428e-002 -2.5530428e-002  1.6295544e-017
  2.6562500e+001 -1.5241893e-017  2.6245018e-002 -2.6245018e-002  7.9144831e-019
  2.6757813e+001 -2.3402052e-018  2.6947372e-002 -2.6947372e-002  7.1748147e-018
  2.6953125e+001  1.1182811e-017  2.7637288e-002 -2.7637288e-002 -1.7985706e-017
  2.7148438e+001 -2.0152581e-017  2.8314582e-002 -2.8314582e-002  1.6254258e-018
  2.7343750e+001 -1.4120442e-017  2.8979085e-002 -2.8979085e-002  4.8822487e-018
  2.7539063e+001  1.4121261e-018  2.9630642e-002 -2.9630642e-002 -5.2051386e-018
  2.7734375e+001 -1.3253971e-017  3.0269118e-002 -3.0269118e-002  7.3245581e-018
  2.7929688e+001 -6.8395921e-018  3.0894390e-002 -3.0894390e-002 -4.4604503e-018
  2.8125000e+001 -1.7718849e-017  3.1506352e-002 -3.1506352e-002 -7.1873653e-018
  2.8320313e+001  5.2634506e-018  3.2104914e-002 -3.2104914e-002  7.6239787e-018
  2.8515625e+001 -7.7254541e-018  3.2690001e-002 -3.2690001e-002 -1.4646605e-017
  2.8710938e+001 -8.9081960e-018  3.3261553e-002 -3.3261553e-002  1.0558638e-017
  2.8906250e+001 -3.3102169e-018  3.3819526e-002 -3.3819526e-002  9.9723374e-018
  2.9101563e+001  3.6422327e-018  3.4363890e-002 -3.4363890e-002  2.7474434e-018
  2.9296875e+001  1.2877025e-017  3.4894627e-002 -3.4894627e-002 -5.9894439e-018
  2.9492188e+001  5.2060378e-018  3.5411737e-002 -3.5411737e-002 -1.1890193e-018
  2.9687500e+001  3.0985312e-018  3.5915231e-002 -3.5915231e-002 -1.0378430e-017
  2.9882813e+001  5.1837537e-019  3.6405133e-002 -3.6405133e-002  5.4607070e-018
  3.0078125e+001  4.4071956e-018  3.6881482e-002 -3.6881482e-002  6.4642240e-018
  3.0273438e+001 -4.6328026e-018  3.7344327e-002 -3.7344327e-002  1.2680090e-018
  3.0468750e+001  8.1567648e-019  3.7793729e-002 -3.7793729e-002  5.9298576e-018
  3.0664063e+001 -1.2917781e-017  3.8229763e-002 -3.8229763e-002 -6.7174550e-020
  3.0859375e+001  2.8037267e-018  3.8652511e-002 -3.8652511e-002  3.7915965e-018
  3.1054688e+001  2.5594893e-018  3.9062068e-002 -3.9062068e-002 -3.0813588e-018
  3.1250000e+001 -1.1552976e-017  3.9458537e-002 -3.9458537e-002  9.0973249e-019
  3.1445313e+001  1.4747059e-017  3.9842033e-002 -3.9842033e-002 -4.0534009e-019
  3.1640625e+001  5.7162726e-018  4.0212677e-002 -4.0212677e-002 -2.0798074e-017
  3.1835938e+001  2.5273095e-017  4.0570600e-002 -4.0570600e-002 -1.4683628e-017
  3.2031250e+001 -1.7520518e-018  4.0915938e-002 -4.0915938e-002 -4.5059289e-018
  3.2226563e+001 -1.0561108e-017  4.1248837e-002 -4.1248837e-002 -1.3381360e-018
  3.2421875e+001 -3.5650222e-018  4.1569448e-002 -4.1569448e-002 -2.1792340e-018
  3.2617188e+001  1.0619134e-018  4.1877929e-002 -4.1877929e-002  2.0244340e-018
  3.2812500e+001 -3.3095311e-019  4.2174441e-002 -4.2174441e-002 -1.7939913e-018
  3.3007813e+001 -6.5842918e-018  4.2459154e-002 -4.2459154e-002  5.6967388e-019
  3.3203125e+001 -1.0546942e-017  4.2732237e-002 -4.2732237e-002  6.2600597e-018
  3.3398438e+001  1.4047271e-017  4.2993868e-002 -4.2993868e-002  7.9642693e-018
  3.3593750e+001  2.0825718e-017  4.3244225e-002 -4.3244225e-002  9.4413121e-019
  3.3789063e+001 -1.8706319e-019  4.3483490e-002 -4.3483490e-002 -1.2244534e-017
  3.3984375e+001  8.2606411e-019  4.3711847e-002 -4.3711847e-002  8.2164477e-018
  3.4179688e+001  3.9852646e-018  4.3929482e-002 -4.3929482e-002 -8.4597311e-018
  3.4375000e+001  5.1488865e-018  4.4136584e-002 -4.4136584e-002 -7.9277489e-018
  3.4570313e+001  2.5572665e-018  4.4333339e-002 -4.4333339e-002 -5.9845171e-018
  3.4765625e+001  7.2767257e-018  4.4519938e-002 -4.4519938e-002 -4.1292272e-018
  3.4960938e+001 -7.8961939e-018  4.4696570e-002 -4.4696570e-002 -9.8950485e-018
  3.5156250e+001 -1.8929219e-018  4.4863424e-002 -4.4863424e-002  2.0474531e-018
  3.5351563e+001 -2.3791930e-019  4.5020688e-002 -4.5020688e-002 -1.2304202e-017
  3.5546875e+001  3.0688643e-018  4.5168551e-002 -4.5168551e-002 -1.5066430e-017
  3.5742188e+001  6.5047509e-018  4.5307199e-002 -4.5307199e-002 -4.5864919e-018
  3.5937500e+001  4.4951308e-018  4.5436818e-002 -4.5436818e-002 -4.2332089e-018
  3.6132813e+001 -1.5402166e-018  4.5557590e-002 -4.5557590e-002  1.1520218e-017
  3.6328125e+001  6.7411009e-018  4.5669699e-002 -4.5669699e-002  1.0655990e-017
  3.6523438e+001  4.3134743e-019  4.5773322e-002 -4.5773322e-002 -1.2581501e-017
  3.6718750e+001  1.0708992e-017  4.5868637e-002 -4.5868637e-002 -6.1201706e-018
  3.6914063e+001 -6.1132102e-018  4.5955818e-002 -4.5955818e-002  4.9695942e-018
  3.7109375e+001  2.0291044e-018  4.6035037e-002 -4.6035037e-002  2.3866115e-019
  3.7304688e+001  1.6999461e-018  4.6106463e-002 -4.6106463e-002  6.4174525e-018
  3.7500000e+001  2.8823932e-018  4.6170261e-002 -4.6170261e-002  2.3789045e-018
  3.7695313e+001  5.8692358e-018  4.6226593e-002 -4.6226593e-002 -8.2169560e-018
  3.7890625e+001  1.9386959e-018  4.6275619e-002 -4.6275619e-002 -4.6376054e-018
  3.8085938e+001 -4.4274423e-018  4.6317495e-002 -4.6317495e-002 -1.5542218e-017
  3.8281250e+001  4.7564832e-019  4.6352372e-002 -4.6352372e-002  7.0124434e-018
  3.8476563e+001 -3.3990878e-018  4.6380400e-002 -4.6380400e-002 -1.1410684e-017
  3.8671875e+001 -1.8778124e-018  4.6401724e-002 -4.6401724e-002 -1.5022578e-017
  3.8867188e+001 -4.1806209e-018  4.6416486e-002 -4.6416486e-002  7.1721004e-018
  3.9062500e+001  3.3017021e-018  4.6424822e-002 -4.6424822e-002  9.1427073e-018
  3.9257813e+001 -6.7639148e-018  4.6426869e-002 -4.6426869e-002  6.2916406e-018
  3.9453125e+001  7.6311232e-018  4.6422756e-002 -4.6422756e-002  3.4122843e-019
  3.9648438e+001  1.0515206e-017  4.6412611e-002 -4.6412611e-002 -8.9324298e-018
  3.9843750e+001 -1.0896303e-018  4.6396558e-002 -4.6396558e-002  1.1379195e-017
  4.0039063e+001  1.2846685e-018  4.6374715e-002 -4.6374715e-002  7.5391731e-019
  4.0234375e+001 -4.7917620e-018  4.6347201e-002 -4.6347201e-002  4.6368134e-018
  4.0429688e+001 -4.0028058e-018  4.6314127e-002 -4.6314127e-002 -2.2398486e-017
  4.0625000e+001 -9.6825252e-019  4.6275603e-002 -4.6275603e-002 -3.4759861e-019
  4.0820313e+001  7.1614811e-018  4.6231736e-002 -4.6231736e-002  1.1863429e-017
  4.1015625e+001 -2.2896546e-018  4.6182628e-002 -4.6182628e-002 -1.1506070e-018
  4.1210938e+001 -7.2921701e-018  4.6128378e-002 -4.6128378e-002 -1.6405337e-017
  4.1406250e+001  3.2494327e-018  4.6069083e-002 -4.6069083e-002 -1.0347079e-017
  4.1601563e+001 -9.0848219e-020  4.6004836e-002 -4.6004836e-002  1.1689920e-017
  4.1796875e+001  2.3724822e-018  4.5935727e-002 -4.5935727e-002 -2.6716148e-018
  4.1992188e+001  2.2678899e-018  4.5861843e-002 -4.5861843e-002 -1.3861586e-017
  4.2187500e+001 -3.9112708e-018  4.5783269e-002 -4.5783269e-002 -6.2941542e-018
  4.2382813e+001  2.5347907e-018  4.5700085e-002 -4.5700085e-002  1.2462199e-017
  4.2578125e+001 -1.3564709e-018  4.5612371e-002 -4.5612371e-002  8.3360114e-018
  4.2773438e+001  4.3564946e-018  4.5520202e-002 -4.5520202e-002  4.3581414e-018
  4.2968750e+001 -1.1935132e-017  4.5423652e-002 -4.5423652e-002 -6.2372898e-020
  4.3164063e+001  7.0278547e-018  4.5322792e-002 -4.5322792e-002 -4.3922109e-019
  4.3359375e+001 -9.3002006e-019  4.5217689e-002 -4.5217689e-002  1.4277957e-018
  4.3554688e+001 -3.7341968e-018  4.5108412e-002 -4.5108412e-002 -2.8545343e-017
  4.3750000e+001 -8.5513275e-018  4.4995022e-002 -4.4995022e-002  6.8713217e-018
  4.3945313e+001 -9.5810280e-018  4.4877582e-002 -4.4877582e-002 -9.2335950e-018
  4.4140625e+001  3.5684496e-018  4.4756152e-002 -4.4756152e-002  3.4758089e-018
  4.4335938e+001  2.7788765e-018  4.4630790e-002 -4.4630790e-002 -7.5212183e-018
  4.4531250e+001  7.8964055e-018  4.4501550e-002 -4.4501550e-002  2.9353662e-018
  4.4726563e+001 -3.0874759e-018  4.4368488e-002 -4.4368488e-002 -3.7423743e-018
  4.4921875e+001  3.8102141e-018  4.4231655e-002 -4.4231655e-002  6.4119063e-018
  4.5117188e+001  5.1129093e-018  4.4091101e-002 -4.4091101e-002  1.4643518e-017
  4.5312500e+001  2.1283867e-018  4.3946875e-002 -4.3946875e-002  8.2079692e-018
  4.5507813e+001  7.3064038e-019  4.3799026e-002 -4.3799026e-002 -3.4526728e-018
  4.5703125e+001  3.0839565e-018  4.3647597e-002 -4.3647597e-002  3.6118469e-019
  4.5898438e+001  2.6071705e-018  4.3492635e-002 -4.3492635e-002  3.8049152e-018
  4.6093750e+001 -3.6435230e-019  4.3334181e-002 -4.3334181e-002 -5.9554196e-018
  4.6289063e+001 -6.8538373e-018  4.3172278e-002 -4.3172278e-002 -1.6756891e-017
  4.6484375e+001  2.7749540e-018  4.3006966e-002 -4.3006966e-002 -2.4996168e-018
  4.6679688e+001  9.0088893e-018  4.2838285e-002 -4.2838285e-002  3.7469045e-018
  4.6875000e+001 -7.3299980e-019  4.2666272e-002 -4.2666272e-002  6.5273383e-018
  4.7070313e+001 -1.1695022e-018  4.2490965e-002 -4.2490965e-002  4.6153260e-019
  4.7265625e+001  5.9070442e-019  4.2312400e-002 -4.2312400e-002 -1.4012776e-017
  4.7460938e+001  2.6557234e-018  4.2130613e-002 -4.2130613e-002 -9.5859064e-018
  4.7656250e+001 -4.9236312e-018  4.1945637e-002 -4.1945637e-002  2.3912973e-017
  4.7851563e+001  4.6710465e-018  4.1757507e-002 -4.1757507e-002 -4.5354117e-018
  4.8046875e+001 -2.1653114e-018  4.1566254e-002 -4.1566254e-002 -9.3119254e-018
  4.8242188e+001 -6.7351376e-018  4.1371912e-002 -4.1371912e-002  9.8335731e-018
  4.8437500e+001  2.0762696e-018  4.1174511e-002 -4.1174511e-002  1.1384241e-019
  4.8632813e+001 -2.5652240e-018  4.0974082e-002 -4.0974082e-002  6.4176362e-018
  4.8828125e+001 -7.8552354e-018  4.0770655e-002 -4.0770655e-002  6.1662843e-018
  4.9023438e+001 -3.3970999e-018  4.0564259e-002 -4.0564259e-002 -6.0658143e-018
  4.9218750e+001  8.4837960e-018  4.0354923e-002 -4.0354923e-002  1.8854424e-017
  4.9414063e+001 -8.3566687e-019  4.0142675e-002 -4.0142675e-002 -6.4598945e-018
  4.9609375e+001  3.4326993e-018  3.9927544e-002 -3.9927544e-002  1.2160013e-018
  4.9804688e+001  6.9070545e-018  3.9709556e-002 -3.9709556e-002  5.5582724e-018
  5.0000000e+001  3.8093717e-018  3.9488738e-002 -3.9488738e-002 -1.0424649e-017
  5.0195313e+001  9.4201414e-018  3.9265117e-002 -3.9265117e-002 -4.1779071e-018
  5.0390625e+001 -4.2916520e-018  3.9038719e-002 -3.9038719e-002 -1.0872600e-017
  5.0585938e+001 -7.2822523e-018  3.8809570e-002 -3.8809570e-002 -9.3833193e-018
  5.0781250e+001 -1.7822500e-018  3.8577695e-002 -3.8577695e-002  6.9871476e-018
  5.0976563e+001 -2.5314211e-018  3.8343120e-002 -3.8343120e-002 -1.3377775e-017
  5.1171875e+001  6.4756854e-018  3.8105869e-002 -3.8105869e-002  2.1420057e-018
  5.1367188e+001  3.9506922e-018  3.7865966e-002 -3.7865966e-002 -2.9500788e-018
  5.1562500e+001  6.5884559e-018  3.7623437e-002 -3.7623437e-002 -4.2755683e-019
  5.1757813e+001  4.0030132e-018  3.7378305e-002 -3.7378305e-002  4.9657314e-018
  5.1953125e+001 -2.2591495e-018  3.7130594e-002 -3.7130594e-002  1.0688199e-018
  5.2148438e+001 -4.3549058e-019  3.6880328e-002 -3.6880328e-002 -1.0511678e-017
  5.2343750e+001 -2.8186484e-018  3.6627530e-002 -3.6627530e-002  5.2542986e-018
  5.2539063e+001 -2.5337129e-018  3.6372224e-002 -3.6372224e-002 -1.2530806e-017
  5.2734375e+001 -2.1101103e-018  3.6114433e-002 -3.6114433e-002  1.2911704e-018
  5.2929688e+001  1.6880368e-018  3.5854181e-002 -3.5854181e-002 -3.4980132e-018
  5.3125000e+001  3.2037324e-018  3.5591489e-002 -3.5591489e-002 -1.6932538e-018
  5.3320313e+001 -8.2721261e-019  3.5326380e-002 -3.5326380e-002  3.9430560e-018
  5.3515625e+001 -9.2790628e-019  3.5058879e-002 -3.5058879e-002 -2.0053658e-018
  5.3710938e+001  5.4266571e-018  3.4789006e-002 -3.4789006e-002 -9.5892131e-019
  5.3906250e+001 -2.2684445e-018  3.4516785e-002 -3.4516785e-002  1.5673369e-017
  5.4101563e+001  1.6182799e-018  3.4242238e-002 -3.4242238e-002  8.4485590e-018
  5.4296875e+001  1.0406143e-017  3.3965387e-002 -3.3965387e-002 -1.2050000e-017
  5.4492188e+001 -3.7239392e-019  3.3686255e-002 -3.3686255e-002  1.0631416e-017
  5.4687500e+001  1.0657780e-017  3.3404864e-002 -3.3404864e-002  4.6269109e-018
  5.4882813e+001  3.3520090e-018  3.3121235e-002 -3.3121235e-002 -1.0579987e-017
  5.5078125e+001  7.8874670e-018  3.2835392e-002 -3.2835392e-002  4.8275202e-018
  5.5273438e+001 -9.9623362e-020  3.2547355e-002 -3.2547355e-002 -4.0258198e-018
  5.5468750e+001  7.8769741e-018  3.2257148e-002 -3.2257148e-002 -4.7558108e-018
  5.5664063e+001  8.8331836e-018  3.1964791e-002 -3.1964791e-002  4.2367180e-019
  5.5859375e+001 -1.1038113e-018  3.1670307e-002 -3.1670307e-002 -5.3778781e-018
  5.6054688e+001 -4.3830087e-018  3.1373718e-002 -3.1373718e-002  2.0189045e-018
  5.6250000e+001  7.9783681e-018  3.1075045e-002 -3.1075045e-002 -4.4287913e-018
  5.6445313e+001  3.4736410e-018  3.0774310e-002 -3.0774310e-002  3.0568610e-018
  5.6640625e+001 -3.7806483e-018  3.0471535e-002 -3.0471535e-002 -1.9820674e-019
  5.6835938e+001  8.5230700e-018  3.0166741e-002 -3.0166741e-002  7.2875396e-018
  5.7031250e+001 -2.2526808e-019  2.9859950e-002 -2.9859950e-002  2.5670225e-018
  5.7226563e+001  1.4627562e-020  2.9551184e-002 -2.9551184e-002  1.1932972e-017
  5.7421875e+001  2.3782271e-018  2.9240463e-002 -2.9240463e-002  6.9085380e-019
  5.7617188e+001 -2.4368239e-018  2.8927810e-002 -2.8927810e-002  3.0038555e-018
  5.7812500e+001 -1.0913950e-017  2.8613246e-002 -2.8613246e-002 -1.4820331e-018
  5.8007813e+001  4.5329786e-018  2.8296793e-002 -2.8296793e-002  3.3475222e-018
  5.8203125e+001  2.3539453e-018  2.7978471e-002 -2.7978471e-002  3.3832553e-019
  5.8398438e+001 -6.7233267e-018  2.7658302e-002 -2.7658302e-002  7.8925154e-018
  5.8593750e+001  7.2528272e-018  2.7336307e-002 -2.7336307e-002 -6.6282632e-019
  5.8789063e+001 -6.7005782e-018  2.7012507e-002 -2.7012507e-002 -1.4463176e-017
  5.8984375e+001 -1.8452038e-019  2.6686923e-002 -2.6686923e-002  2.3119774e-018
  5.9179688e+001 -3.0157168e-018  2.6359577e-002 -2.6359577e-002 -2.9541830e-018
  5.9375000e+001 -1.4651675e-017  2.6030489e-002 -2.6030489e-002  1.0027796e-017
  5.9570313e+001  8.6317362e-018  2.5699680e-002 -2.5699680e-002 -1.0731529e-017
  5.9765625e+001  5.9804648e-018  2.5367171e-002 -2.5367171e-002  1.2596643e-017
  5.9960938e+001 -1.1589132e-018  2.5032982e-002 -2.5032982e-002 -3.7505822e-018
  6.0156250e+001  6.5551616e-018  2.4697135e-002 -2.4697135e-002  1.6863060e-018
  6.0351563e+001  9.7935902e-019  2.4359649e-002 -2.4359649e-002 -8.3180469e-018
  6.0546875e+001  2.9475709e-018  2.4020546e-002 -2.4020546e-002 -1.5686522e-018
  6.0742188e+001  5.8708521e-018  2.3679845e-002 -2.3679845e-002 -1.7741635e-018
  6.0937500e+001 -6.8840595e-018  2.3337567e-002 -2.3337567e-002  3.3985363e-018
  6.1132813e+001  2.4141909e-018  2.2993731e-002 -2.2993731e-002  6.0153790e-018
  6.1328125e+001  3.8154801e-018  2.2648358e-002 -2.2648358e-002 -5.0648968e-018
  6.1523438e+001 -1.0676691e-017  2.2301467e-002 -2.2301467e-002 -2.2290001e-019
  6.1718750e+001 -6.1712345e-019  2.1953079e-002 -2.1953079e-002 -3.4150130e-018
  6.1914063e+001  4.9715008e-018  2.1603213e-002 -2.1603213e-002  3.5706095e-018
  6.2109375e+001 -6.4203008e-018  2.1251887e-002 -2.1251887e-002  1.0415785e-017
  6.2304688e+001  3.0038363e-018  2.0899123e-002 -2.0899123e-002  1.1872522e-018
  6.2500000e+001 -8.9932812e-019  2.0544937e-002 -2.0544937e-002  6.4609911e-018
  6.2695313e+001  8.4074329e-018  2.0189351e-002 -2.0189351e-002  2.0831822e-018
  6.2890625e+001  1.2869392e-018  1.9832381e-002 -1.9832381e-002  8.1427432e-019
  6.3085938e+001  8.8859320e-018  1.9474047e-002 -1.9474047e-002 -1.4468492e-018
  6.3281250e+001 -5.4636197e-018  1.9114368e-002 -1.9114368e-002 -1.8867630e-019
  6.3476563e+001 -4.6093204e-018  1.8753361e-002 -1.8753361e-002  2.5343926e-018
  6.3671875e+001  2.8215061e-018  1.8391044e-002 -1.8391044e-002  8.8662743e-018
  6.3867188e+001 -5.1721886e-018  1.8027436e-002 -1.8027436e-002 -4.0297771e-018
  6.4062500e+001  2.8765160e-018  1.7662553e-002 -1.7662553e-002 -7.4121695e-018
  6.4257813e+001  7.9399064e-018  1.7296413e-002 -1.7296413e-002  7.0302685e-018
  6.4453125e+001  7.1062760e-019  1.6929033e-002 -1.6929033e-002  1.4975167e-017
  6.4648438e+001  8.2413289e-018  1.6560430e-002 -1.6560430e-002 -3.0122339e-019
  6.4843750e+001  1.0699429e-018  1.6190621e-002 -1.6190621e-002  5.0445837e-018
  6.5039063e+001  4.5615365e-018  1.5819622e-002 -1.5819622e-002 -6.9899387e-018
  6.5234375e+001 -2.2203666e-018  1.5447449e-002 -1.5447449e-002  5.9615571e-018
  6.5429688e+001  1.3104315e-017  1.5074117e-002 -1.5074117e-002  4.2442096e-018
  6.5625000e+001  1.0248443e-018  1.4699643e-002 -1.4699643e-002 -2.4667980e-018
  6.5820313e+001 -2.4438111e-018  1.4324041e-002 -1.4324041e-002  4.6410082e-018
  6.6015625e+001  6.6662801e-018  1.3947326e-002 -1.3947326e-002 -7.0721470e-018
  6.6210938e+001 -5.1474323e-018  1.3569514e-002 -1.3569514e-002 -4.0896058e-019
  6.6406250e+001  6.8222522e-018  1.3190618e-002 -1.3190618e-002 -7.3222726e-018
  6.6601563e+001  8.3952612e-018  1.2810651e-002 -1.2810651e-002 -3.4893347e-018
  6.6796875e+001 -1.5553880e-017  1.2429629e-002 -1.2429629e-002 -6.6333611e-018
  6.6992188e+001 -2.6135459e-018  1.2047564e-002 -1.2047564e-002 -2.8697401e-018
  6.7187500e+001  1.1441555e-017  1.1664468e-002 -1.1664468e-002 -1.2224066e-017
  6.7382813e+001  8.0313956e-018  1.1280356e-002 -1.1280356e-002  8.1991442e-018
  6.7578125e+001  4.4444673e-018  1.0895238e-002 -1.0895238e-002 -5.6028320e-018
  6.7773438e+001  1.0901493e-017  1.0509126e-002 -1.0509126e-002 -8.8150045e-018
  6.7968750e+001 -3.5846554e-018  1.0122032e-002 -1.0122032e-002 -3.0369345e-018
  6.8164063e+001  1.5508840e-018  9.7339677e-003 -9.7339677e-003 -7.4684953e-018
  6.8359375e+001  3.5876506e-018  9.3449425e-003 -9.3449425e-003 -4.1911631e-018
  6.8554688e+001  3.1352765e-018  8.9549671e-003 -8.9549671e-003  1.3532393e-017
  6.8750000e+001 -7.4361792e-018  8.5640512e-003 -8.5640512e-003 -3.1970455e-018
  6.8945313e+001  2.7541225e-018  8.1722041e-003 -8.1722041e-003 -4.5370919e-018
  6.9140625e+001  5.1083192e-018  7.7794349e-003 -7.7794349e-003 -1.9424356e-018
  6.9335938e+001 -4.4155218e-018  7.3857518e-003 -7.3857518e-003  5.6105655e-018
  6.9531250e+001  7.1433236e-019  6.9911631e-003 -6.9911631e-003  4.6306675e-018
  6.9726563e+001  4.8583193e-018  6.5956761e-003 -6.5956761e-003 -7.9410495e-018
  6.9921875e+001  2.2387302e-019  6.1992979e-003 -6.1992979e-003 -2.1733375e-018
  7.0117188e+001 -8.4129921e-018  5.8020353e-003 -5.8020353e-003  7.0979049e-018
  7.0312500e+001  8.5442076e-018  5.4038941e-003 -5.4038941e-003  1.6981474e-017
  7.0507813e+001  1.1350548e-017  5.0048802e-003 -5.0048802e-003 -1.3569658e-017
  7.0703125e+001 -5.9113755e-018  4.6049986e-003 -4.6049986e-003 -5.7836728e-018
  7.0898438e+001 -3.0469918e-018  4.2042538e-003 -4.2042538e-003  1.6049172e-018
  7.1093750e+001  4.2407043e-018  3.8026500e-003 -3.8026500e-003 -2.2417352e-018
  7.1289063e+001  1.9862667e-017  3.4001908e-003 -3.4001908e-003 -9.9729378e-019
  7.1484375e+001 -4.6507532e-019  2.9968791e-003 -2.9968791e-003  1.3559579e-017
  7.1679688e+001  9.8569535e-018  2.5927176e-003 -2.5927176e-003  1.0381295e-017
  7.1875000e+001  1.1962453e-017  2.1877081e-003 -2.1877081e-003 -5.7151348e-019
  7.2070313e+001  6.3268547e-019  1.7818520e-003 -1.7818520e-003  1.4415313e-017
  7.2265625e+001  5.8737153e-018  1.3751503e-003 -1.3751503e-003  5.6589818e-018
  7.2460938e+001 -2.2910653e-018  9.6760315e-004 -9.6760315e-004 -2.1234615e-018
  7.2656250e+001 -5.1771135e-019  5.5921036e-004 -5.5921036e-004 -2.3441691e-018
  7.2851563e+001  2.6465816e-018  1.4997105e-004 -1.4997105e-004  2.7444743e-018
  7.3046875e+001  5.4700543e-018 -2.6011617e-004  2.6011617e-004 -1.6714585e-018
  7.3242188e+001 -5.3789692e-019 -6.7105332e-004  6.7105332e-004 -8.2806400e-018
  7.3437500e+001  1.9096656e-018 -1.0828430e-003  1.0828430e-003  1.1523544e-017
  7.3632813e+001  7.6901605e-019 -1.4954883e-003  1.4954883e-003 -5.2916113e-018
  7.3828125e+001  1.8886907e-017 -1.9089931e-003  1.9089931e-003 -8.8338413e-018
  7.4023438e+001 -3.7721801e-018 -2.3233617e-003  2.3233617e-003 -1.5641374e-018
  7.4218750e+001 -1.0136632e-017 -2.7385990e-003  2.7385990e-003  7.1895401e-018
  7.4414063e+001  7.9206083e-018 -3.1547108e-003  3.1547108e-003  8.8781400e-019
  7.4609375e+001  1.1984142e-017 -3.5717030e-003  3.5717030e-003  7.6827043e-018
  7.4804688e+001 -2.5281331e-018 -3.9895826e-003  3.9895826e-003 -2.0165835e-018
  7.5000000e+001  6.6161760e-018 -4.4083568e-003  4.4083568e-003  5.8763182e-018
  7.5195313e+001 -1.3350883e-017 -4.8280338e-003  4.8280338e-003 -1.5285592e-019
  7.5390625e+001  7.6106558e-018 -5.2486220e-003  5.2486220e-003  4.6107556e-018
  7.5585938e+001 -3.6162611e-018 -5.6701309e-003  5.6701309e-003 -9.8900879e-018
  7.5781250e+001  1.3738116e-017 -6.0925701e-003  6.0925701e-003  5.0406585e-018
  7.5976563e+001  1.3810636e-017 -6.5159502e-003  6.5159502e-003  5.9941160e-018
  7.6171875e+001 -1.7742146e-018 -6.9402823e-003  6.9402823e-003  7.4444048e-019
  7.6367188e+001 -4.2043652e-018 -7.3655780e-003  7.3655780e-003  6.7301124e-018
  7.6562500e+001  5.1710595e-018 -7.7918496e-003  7.7918496e-003 -3.2253919e-018
  7.6757813e+001 -7.0733282e-018 -8.2191101e-003  8.2191101e-003 -1.0165769e-017
  7.6953125e+001  6.6436438e-018 -8.6473729e-003  8.6473729e-003  7.3463835e-018
  7.7148438e+001 -2.8249072e-018 -9.0766521e-003  9.0766521e-003  5.0378781e-018
  7.7343750e+001  2.3395178e-018 -9.5069626e-003  9.5069626e-003 -2.6241599e-018
  7.7539063e+001 -1.5084259e-018 -9.9383196e-003  9.9383196e-003 -9.2309203e-018
  7.7734375e+001  6.7774862e-018 -1.0370739e-002  1.0370739e-002 -1.7724489e-018
  7.7929688e+001  8.2955184e-018 -1.0804237e-002  1.0804237e-002  9.9532054e-018
  7.8125000e+001  1.2687829e-017 -1.1238832e-002  1.1238832e-002 -3.8340697e-018
  7.8320313e+001  1.0303600e-017 -1.1674539e-002  1.1674539e-002 -7.1030241e-018
  7.8515625e+001  8.7975401e-018 -1.2111379e-002  1.2111379e-002  4.0816787e-018
  7.8710938e+001  8.8413010e-018 -1.2549370e-002  1.2549370e-002 -5.6751873e-018
  7.8906250e+001  1.1293672e-019 -1.2988530e-002  1.2988530e-002 -5.7296977e-018
  7.9101563e+001  8.6814875e-018 -1.3428880e-002  1.3428880e-002 -4.3307527e-019
  7.9296875e+001 -5.4465970e-018 -1.3870441e-002  1.3870441e-002 -1.1519948e-018
  7.9492188e+001 -1.1520456e-017 -1.4313232e-002  1.4313232e-002  3.4847684e-018
  7.9687500e+001  8.4681213e-018 -1.4757276e-002  1.4757276e-002 -1.1760133e-017
  7.9882813e+001  2.1465237e-018 -1.5202595e-002  1.5202595e-002 -1.5303461e-017
  8.0078125e+001  8.8236339e-018 -1.5649211e-002  1.5649211e-002  1.3827092e-018
  8.0273438e+001  4.7669314e-018 -1.6097147e-002  1.6097147e-002 -1.1951538e-018
  8.0468750e+001 -2.5240823e-018 -1.6546426e-002  1.6546426e-002  4.5489536e-018
  8.0664063e+001 -9.4696069e-018 -1.6997073e-002  1.6997073e-002  4.5806068e-018
  8.0859375e+001  2.4735475e-018 -1.7449110e-002  1.7449110e-002 -8.0767562e-018
  8.1054688e+001  7.1750725e-019 -1.7902564e-002  1.7902564e-002  8.6242569e-019
  8.1250000e+001 -1.1157994e-017 -1.8357459e-002  1.8357459e-002  3.4167197e-018
  8.1445313e+001 -6.4224396e-018 -1.8813821e-002  1.8813821e-002 -4.2553357e-018
  8.1640625e+001  2.6239743e-018 -1.9271676e-002  1.9271676e-002  3.2489127e-019
  8.1835938e+001 -2.1211755e-017 -1.9731049e-002  1.9731049e-002 -4.8135701e-018
  8.2031250e+001 -8.9928554e-018 -2.0191967e-002  2.0191967e-002 -2.0119095e-018
  8.2226563e+001  8.7159582e-018 -2.0654457e-002  2.0654457e-002 -5.4899187e-018
  8.2421875e+001 -9.6727054e-018 -2.1118546e-002  2.1118546e-002 -6.7471374e-018
  8.2617188e+001  5.7631854e-018 -2.1584262e-002  2.1584262e-002  4.1770055e-018
  8.2812500e+001  7.0321411e-018 -2.2051632e-002  2.2051632e-002  5.4460232e-018
  8.3007813e+001 -1.8726005e-017 -2.2520684e-002  2.2520684e-002 -5.3798308e-018
  8.3203125e+001 -1.1164497e-017 -2.2991445e-002  2.2991445e-002  8.4743487e-018
  8.3398438e+001  2.1449194e-017 -2.3463945e-002  2.3463945e-002  3.8354139e-018
  8.3593750e+001  3.4186592e-019 -2.3938210e-002  2.3938210e-002 -1.0171346e-017
  8.3789063e+001  9.5120873e-018 -2.4414271e-002  2.4414271e-002 -4.5006978e-018
  8.3984375e+001  2.4713427e-018 -2.4892155e-002  2.4892155e-002 -5.3420537e-018
  8.4179688e+001 -1.7661049e-018 -2.5371890e-002  2.5371890e-002  2.1773320e-018
  8.4375000e+001  1.7430848e-017 -2.5853505e-002  2.5853505e-002  1.3725027e-017
  8.4570313e+001  6.6862741e-019 -2.6337029e-002  2.6337029e-002 -3.3058301e-018
  8.4765625e+001 -5.2152081e-018 -2.6822490e-002  2.6822490e-002 -2.6460328e-018
  8.4960938e+001  3.9448644e-018 -2.7309917e-002  2.7309917e-002  7.4921760e-018
  8.5156250e+001  1.8353069e-018 -2.7799337e-002  2.7799337e-002  4.5210781e-018
  8.5351563e+001 -8.1480477e-018 -2.8290779e-002  2.8290779e-002 -4.1558546e-018
  8.5546875e+001 -1.7465249e-017 -2.8784270e-002  2.8784270e-002 -3.4512825e-018
  8.5742188e+001 -1.5483865e-017 -2.9279839e-002  2.9279839e-002 -1.7545785e-018
  8.5937500e+001 -9.4324545e-018 -2.9777512e-002  2.9777512e-002 -8.2473429e-018
  8.6132813e+001 -3.3984361e-018 -3.0277317e-002  3.0277317e-002 -2.3598539e-018
  8.6328125e+001 -1.0594138e-017 -3.0779281e-002  3.0779281e-002 -5.4000547e-018
  8.6523438e+001  6.2905840e-018 -3.1283429e-002  3.1283429e-002  1.1303497e-017
  8.6718750e+001 -2.5578213e-018 -3.1789787e-002  3.1789787e-002 -8.6429683e-018
  8.6914063e+001  9.0575218e-019 -3.2298382e-002  3.2298382e-002  7.4611568e-018
  8.7109375e+001 -3.0297518e-018 -3.2809237e-002  3.2809237e-002 -3.6987170e-018
  8.7304688e+001 -4.3800379e-018 -3.3322377e-002  3.3322377e-002  4.7219526e-018
  8.7500000e+001 -7.4586410e-018 -3.3837825e-002  3.3837825e-002 -1.1922914e-018
  8.7695313e+001  2.2745274e-018 -3.4355606e-002  3.4355606e-002 -2.2646929e-018
  8.7890625e+001  2.2049782e-017 -3.4875740e-002  3.4875740e-002 -3.6409872e-018
  8.8085938e+001  9.8538575e-018 -3.5398249e-002  3.5398249e-002  6.3198465e-018
  8.8281250e+001 -7.7895101e-018 -3.5923155e-002  3.5923155e-002 -1.2523806e-017
  8.8476563e+001 -1.1264411e-018 -3.6450476e-002  3.6450476e-002 -1.6999876e-018
  8.8671875e+001  1.6175656e-018 -3.6980231e-002  3.6980231e-002  2.8202510e-018
  8.8867188e+001  2.9215813e-018 -3.7512440e-002  3.7512440e-002 -6.2658730e-019
  8.9062500e+001 -9.1486552e-019 -3.8047118e-002  3.8047118e-002  8.0874300e-018
  8.9257813e+001 -1.8675900e-018 -3.8584281e-002  3.8584281e-002  9.4330210e-018
  8.9453125e+001  1.8203179e-018 -3.9123944e-002  3.9123944e-002 -1.5005809e-018
  8.9648438e+001  5.2928076e-018 -3.9666120e-002  3.9666120e-002 -1.5860151e-018
  8.9843750e+001  1.6373928e-017 -4.0210822e-002  4.0210822e-002  7.2654888e-018
  9.0039063e+001  1.3280388e-017 -4.0758061e-002  4.0758061e-002 -5.2504892e-018
  9.0234375e+001  1.3279802e-017 -4.1307847e-002  4.1307847e-002  8.9533006e-018
  9.0429688e+001  5.6131206e-018 -4.1860186e-002  4.1860186e-002  6.9423634e-018
  9.0625000e+001 -1.6450302e-017 -4.2415088e-002  4.2415088e-002 -1.0269361e-017
  9.0820313e+001  9.7586879e-018 -4.2972556e-002  4.2972556e-002  1.0274677e-019
  9.1015625e+001 -1.2421911e-017 -4.3532595e-002  4.3532595e-002  3.2292309e-018
  9.1210938e+001  1.9326859e-018 -4.4095206e-002  4.4095206e-002 -9.7250817e-018
  9.1406250e+001 -7.7322454e-018 -4.4660390e-002  4.4660390e-002  8.4082099e-018
  9.1601563e+001  1.8301645e-018 -4.5228146e-002  4.5228146e-002  4.9315290e-018
  9.1796875e+001 -1.0472246e-017 -4.5798471e-002  4.5798471e-002  9.1352218e-018
  9.1992188e+001  1.2036645e-018 -4.6371361e-002  4.6371361e-002 -1.3593318e-018
  9.2187500e+001 -6.1065664e-018 -4.6946807e-002  4.6946807e-002  4.0460111e-018
  9.2382813e+001  5.7412113e-018 -4.7524803e-002  4.7524803e-002 -9.3431004e-019
  9.2578125e+001  7.5722305e-018 -4.8105337e-002  4.8105337e-002 -4.3515823e-018
  9.2773438e+001  2.0582368e-017 -4.8688396e-002  4.8688396e-002  5.4736054e-018
  9.2968750e+001  6.8450813e-018 -4.9273967e-002  4.9273967e-002 -1.4391916e-017
  9.3164063e+001  7.6857255e-018 -4.9862033e-002  4.9862033e-002 -1.2491318e-017
  9.3359375e+001 -1.5107023e-017 -5.0452574e-002  5.0452574e-002 -2.2633688e-018
  9.3554688e+001 -5.0388241e-019 -5.1045570e-002  5.1045570e-002 -1.0669743e-018
  9.3750000e+001 -3.8985401e-018 -5.1640998e-002  5.1640998e-002 -1.1569928e-017
  9.3945313e+001  1.5374700e-017 -5.2238832e-002  5.2238832e-002 -1.2045003e-017
  9.4140625e+001 -3.3585720e-018 -5.2839045e-002  5.2839045e-002  8.4493469e-018
  9.4335938e+001  1.8743136e-018 -5.3441606e-002  5.3441606e-002 -7.6330980e-018
  9.4531250e+001  3.3177380e-018 -5.4046483e-002  5.4046483e-002  9.7136080e-018
  9.4726563e+001 -1.5149826e-017 -5.4653642e-002  5.4653642e-002 -4.8244920e-018
  9.4921875e+001 -4.3601229e-018 -5.5263046e-002  5.5263046e-002  3.9935350e-018
  9.5117188e+001  6.3922556e-018 -5.5874655e-002  5.5874655e-002 -8.4693018e-018
  9.5312500e+001 -1.3084614e-018 -5.6488426e-002  5.6488426e-002  4.0748693e-018
  9.5507813e+001 -3.1663263e-018 -5.7104317e-002  5.7104317e-002  3.7502494e-019
  9.5703125e+001 -1.4090602e-017 -5.7722280e-002  5.7722280e-002  1.0189171e-017
  9.5898438e+001  3.6321328e-018 -5.8342265e-002  5.8342265e-002  4.3852748e-019
  9.6093750e+001 -4.1949225e-018 -5.8964222e-002  5.8964222e-002 -8.0624146e-019
  9.6289063e+001  7.6497010e-018 -5.9588095e-002  5.9588095e-002  5.2226767e-018
  9.6484375e+001  1.0146171e-017 -6.0213829e-002  6.0213829e-002 -3.1315131e-018
  9.6679688e+001 -8.8609345e-018 -6.0841364e-002  6.0841364e-002 -2.5194309e-018
  9.6875000e+001 -5.5663782e-018 -6.1470639e-002  6.1470639e-002  3.8611804e-018
  9.7070313e+001  2.4593761e-017 -6.2101590e-002  6.2101590e-002  9.1214033e-018
  9.7265625e+001 -1.4499783e-017 -6.2734150e-002  6.2734150e-002  4.8591969e-018
  9.7460938e+001  8.2368400e-018 -6.3368250e-002  6.3368250e-002 -9.3372543e-018
  9.7656250e+001  1.2356074e-017 -6.4003821e-002  6.4003821e-002  4.6476295e-018
  9.7851563e+001  2.2899253e-018 -6.4640787e-002  6.4640787e-002  3.1890206e-018
  9.8046875e+001 -9.1495930e-019 -6.5279074e-002  6.5279074e-002 -1.2941315e-017
  9.8242188e+001 -2.3937334e-017 -6.5918602e-002  6.5918602e-002  4.8105992e-018
  9.8437500e+001 -1.5423330e-017 -6.6559293e-002  6.6559293e-002 -1.2381507e-017
  9.8632813e+001  5.3246579e-019 -6.7201062e-002  6.7201062e-002  1.0769736e-018
  9.8828125e+001 -5.8494609e-018 -6.7843827e-002  6.7843827e-002 -6.9655716e-018
  9.9023438e+001  2.8619577e-017 -6.8487499e-002  6.8487499e-002 -6.5891563e-018
  9.9218750e+001 -1.4017446e-017 -6.9131989e-002  6.9131989e-002  2.2487495e-017
  9.9414063e+001 -1.0233184e-017 -6.9777208e-002  6.9777208e-002  8.4836389e-018
  9.9609375e+001 -1.3753266e-017 -7.0423062e-002  7.0423062e-002  6.6306181e-018
  9.9804688e+001  1.1431489e-017 -7.1069456e-002  7.1069456e-002 -9.1275800e-018
